W 0 80 0 0 10 80 1 0 // OUTER WALL
P 0 80 -40 0 5 5 1 0
P 0 80 40 0 5 5 1 0
W 45 60 60 0 10 60 1 0
W 90 0 80 0 10 80 1 0
P 0 40 80 0 5 5 1 0
P 0 -40 80 0 5 5 1 0
W 135 -60 60 0 10 60 1 0
W 180 -80 0 0 10 80 1 0
P 0 -80 40 0 5 5 1 0
P 0 -80 -40 0 5 5 1 0
W 225 -60 -60 0 10 60 1 0
W 270 26 -80 0 10 28 1 0
W 270 -26 -80 0 10 28 1 0
P 0 -40 -80 0 5 5 1 0
P 0 40 -80 0 5 5 1 0
P 0 12 -80 0 5 5 1 0
P 0 -12 -80 0 5 5 1 0
W 315 60 -60 0 10 60 1 0
W 0 44 0 0 8 88 1 1 // MIDDLE WALL
W 90 0 44 0 8 88 1 1
W 180 -44 37 0 8 14 1 1
W 180 -44 -17 0 8 54 1 1
W 270 37 -44 0 8 14 1 1
W 270 -17 -44 0 8 54 1 1
P 0 44 44 0 4 4 1 1
P 0 -44 44 0 4 4 1 1
P 0 -44 30 0 4 4 1 1
P 0 -44 10 0 4 4 1 1
P 0 -44 -44 0 4 4 1 1
P 0 10 -44 0 4 4 1 1
P 0 30 -44 0 4 4 1 1
P 0 44 -44 0 4 4 1 1
W 0 20 0 0 4 40 1 2 // INNER WALL
W 90 14 20 0 4 12 1 2
W 90 -14 20 0 4 12 1 2
W 180 -20 0 0 4 40 1 2
W 270 0 -20 0 4 40 1 2
P 0 20 20 0 2 2 1 2
P 0 8 20 0 2 2 1 2
P 0 -8 20 0 2 2 1 2
P 0 -20 20 0 2 2 1 2
P 0 -20 -20 0 2 2 1 2
P 0 20 -20 0 2 2 1 2