W 0 80 12 0 4 8 1 0 // LEVEL 0
W 0 80 -12 0 4 8 1 0
P 0 80 8 0 2 2 1 0
P 0 80 -8 0 2 2 1 0
P 0 80 15.913 0 2 2 1 0
W 22.5 73.9104 30.6147 0 4 32 1 0
P 0 67.8207 45.3164 0 2 2 1 0
W 45 56.5685 56.5685 0 4 32 1 0
P 0 45.3164 67.8207 0 2 2 1 0
W 67.5 30.6147 73.9104 0 4 32 1 0
P 0 15.913 80 0 2 2 1 0
W 90 -3.49691e-06 80 0 4 32 1 0
P 0 -15.913 80 0 2 2 1 0
W 112.5 -30.6147 73.9104 0 4 32 1 0
P 0 -45.3164 67.8207 0 2 2 1 0
W 135 -56.5685 56.5685 0 4 32 1 0
P 0 -67.8207 45.3164 0 2 2 1 0
W 157.5 -73.9104 30.6147 0 4 32 1 0
P 0 -80 15.913 0 2 2 1 0
W 180 -80 -6.99382e-06 0 4 32 1 0
P 0 -80 -15.913 0 2 2 1 0
W 202.5 -73.9104 -30.6147 0 4 32 1 0
P 0 -67.8207 -45.3164 0 2 2 1 0
W 225 -56.5685 -56.5685 0 4 32 1 0
P 0 -45.3163 -67.8207 0 2 2 1 0
W 247.5 -30.6147 -73.9104 0 4 32 1 0
P 0 -15.913 -80 0 2 2 1 0
W 270 9.5399e-07 -80 0 4 32 1 0
P 0 15.913 -80 0 2 2 1 0
W 292.5 30.6147 -73.9104 0 4 32 1 0
P 0 45.3164 -67.8207 0 2 2 1 0
W 315 56.5685 -56.5686 0 4 32 1 0
P 0 67.8207 -45.3164 0 2 2 1 0
W 337.5 73.9104 -30.6146 0 4 32 1 0
P 0 80 -15.913 0 2 2 1 0
W 0 50 0 0 4 100 1 1 // LEVEL 1
P 0 50 50 0 2 2 1 1
W 90 -2.18557e-06 50 0 4 100 1 1
P 0 -50 50 0 2 2 1 1
W 180 -50 -4.37114e-06 0 4 100 1 1
P 0 -50 -50 0 2 2 1 1
W 270 5.96244e-07 -50 0 4 100 1 1
P 0 50 -50 0 2 2 1 1